10000 4995
6
18
20
32
44
47
49
54
72
88
91
95
106
115
140
142
152
154
156
166
179
181
193
195
209
227
238
271
281
290
305
312
316
319
337
345
358
381
408
414
419
421
424
435
440
467
468
484
527
542
544
546
552
576
589
591
608
624
627
647
669
671
694
695
697
698
704
715
724
726
730
746
747
761
784
796
805
807
812
838
840
848
853
862
867
887
889
890
892
915
925
928
947
949
959
968
974
984
987
998
1013
1014
1016
1029
1052
1060
1065
1081
1086
1088
1097
1103
1140
1146
1147
1149
1159
1161
1162
1172
1187
1194
1235
1243
1248
1259
1261
1268
1274
1279
1284
1304
1321
1334
1344
1348
1353
1359
1363
1368
1371
1372
1391
1396
1403
1417
1443
1444
1481
1488
1498
1506
1517
1566
1588
1619
1630
1636
1639
1643
1646
1660
1683
1689
1694
1707
1722
1724
1757
1767
1774
1800
1803
1860
1872
1878
1901
1917
1919
1935
1942
1960
1964
1972
1987
1990
1998
2030
2037
2047
2053
2065
2066
2081
2088
2112
2113
2122
2136
2158
2211
2214
2219
2237
2240
2260
2262
2266
2269
2271
2277
2292
2295
2306
2310
2311
2312
2326
2329
2351
2354
2373
2395
2396
2399
2401
2402
2411
2414
2417
2418
2423
2429
2432
2439
2445
2447
2454
2467
2472
2488
2505
2508
2509
2512
2520
2527
2528
2529
2542
2548
2558
2560
2562
2566
2581
2590
2594
2596
2606
2609
2614
2630
2644
2652
2657
2665
2672
2674
2684
2688
2693
2719
2726
2732
2737
2744
2760
2771
2772
2775
2793
2797
2801
2803
2812
2819
2855
2877
2880
2895
2911
2932
2934
2940
2958
2962
2965
2966
2972
2990
3009
3015
3021
3022
3025
3043
3068
3079
3080
3085
3095
3103
3107
3114
3118
3119
3133
3134
3141
3152
3153
3161
3164
3181
3187
3192
3193
3195
3196
3197
3205
3216
3237
3257
3259
3265
3275
3281
3282
3291
3304
3319
3330
3338
3340
3344
3371
3374
3389
3390
3393
3395
3427
3435
3439
3443
3445
3451
3452
3461
3463
3486
3487
3492
3497
3501
3526
3536
3550
3551
3560
3564
3573
3588
3592
3604
3656
3659
3669
3672
3701
3709
3710
3713
3716
3726
3729
3749
3755
3764
3784
3788
3817
3829
3834
3837
3840
3851
3860
3871
3888
3889
3893
3905
3911
3915
3926
3930
3945
4003
4011
4015
4022
4029
4038
4039
4043
4053
4098
4103
4104
4110
4115
4127
4136
4153
4165
4174
4177
4216
4217
4224
4243
4259
4269
4299
4303
4304
4315
4321
4337
4339
4345
4372
4375
4381
4382
4385
4399
4401
4412
4429
4454
4455
4458
4473
4477
4490
4506
4510
4511
4533
4544
4560
4562
4584
4605
4636
4648
4650
4671
4678
4697
4711
4720
4727
4736
4738
4754
4757
4760
4761
4790
4796
4797
4799
4807
4820
4829
4843
4851
4855
4883
4887
4894
4901
4902
4911
4939
4943
4967
4971
4973
4977
4983
4997
5001
5012
5016
5020
5022
5027
5060
5062
5078
5090
5094
5131
5132
5140
5142
5150
5159
5171
5182
5186
5190
5191
5194
5215
5269
5293
5296
5298
5306
5320
5325
5330
5331
5337
5340
5353
5361
5366
5372
5376
5378
5386
5387
5401
5402
5406
5410
5414
5425
5445
5474
5478
5481
5482
5484
5507
5511
5529
5532
5549
5550
5569
5579
5596
5598
5625
5626
5633
5639
5641
5645
5650
5671
5672
5686
5697
5706
5708
5723
5750
5754
5762
5784
5787
5790
5801
5809
5815
5825
5826
5835
5842
5849
5853
5859
5860
5861
5872
5879
5901
5905
5923
5935
5949
5962
5979
5987
5988
5999
6010
6011
6039
6064
6067
6081
6084
6090
6092
6100
6105
6116
6135
6141
6153
6163
6164
6173
6175
6176
6178
6182
6183
6184
6195
6198
6214
6231
6243
6248
6259
6261
6268
6291
6295
6299
6302
6325
6344
6346
6349
6369
6392
6397
6402
6405
6421
6426
6449
6450
6457
6458
6482
6487
6489
6490
6499
6505
6509
6513
6514
6535
6541
6560
6567
6573
6591
6617
6635
6637
6656
6657
6667
6669
6671
6680
6685
6702
6718
6724
6725
6751
6752
6787
6818
6832
6836
6851
6870
6879
6887
6893
6897
6907
6916
6920
6922
6928
6938
6956
6965
6988
6992
7011
7026
7031
7035
7071
7073
7078
7088
7093
7112
7127
7150
7154
7159
7162
7189
7190
7202
7203
7205
7206
7214
7237
7239
7242
7255
7256
7261
7274
7277
7291
7294
7296
7310
7317
7326
7342
7396
7398
7409
7459
7467
7488
7494
7495
7500
7515
7530
7546
7552
7553
7554
7563
7569
7573
7574
7633
7641
7652
7670
7689
7694
7733
7742
7749
7753
7776
7793
7794
7796
7804
7818
7824
7833
7835
7838
7840
7843
7848
7867
7868
7875
7883
7884
7894
7902
7906
7912
7914
7965
7966
7986
8002
8008
8017
8040
8056
8062
8076
8084
8091
8096
8111
8127
8128
8130
8134
8144
8145
8146
8147
8150
8167
8178
8179
8184
8198
8206
8214
8217
8225
8261
8263
8264
8266
8271
8275
8280
8304
8305
8321
8346
8352
8368
8379
8391
8398
8402
8417
8467
8486
8487
8498
8503
8553
8565
8574
8575
8577
8604
8622
8623
8624
8633
8638
8640
8647
8662
8664
8666
8667
8675
8683
8690
8697
8700
8708
8719
8722
8725
8743
8746
8751
8762
8781
8785
8788
8803
8804
8825
8832
8837
8843
8856
8857
8861
8862
8868
8869
8882
8889
8894
8901
8916
8950
8953
8958
8962
8966
8983
8995
8999
9003
9007
9026
9035
9038
9044
9054
9062
9098
9131
9141
9147
9156
9170
9174
9197
9223
9237
9242
9261
9302
9315
9338
9354
9400
9433
9438
9439
9446
9450
9455
9473
9476
9492
9514
9515
9524
9526
9560
9568
9573
9580
9585
9590
9620
9632
9658
9660
9663
9668
9669
9678
9694
9718
9719
9742
9760
9776
9788
9799
9801
9830
9837
9859
9868
9873
9883
9888
9906
9909
9915
9926
9953
9973
9978
10000
10002
10003
10006
10026
10035
10044
10050
10052
10060
10074
10087
10090
10092
10101
10108
10110
10114
10132
10141
10143
10205
10218
10222
10243
10257
10258
10260
10266
10287
10316
10347
10352
10353
10354
10355
10360
10369
10384
10403
10404
10412
10414
10445
10453
10457
10467
10479
10491
10499
10505
10511
10532
10538
10547
10565
10585
10623
10625
10628
10658
10665
10667
10674
10700
10709
10723
10750
10770
10796
10802
10803
10815
10833
10841
10849
10855
10857
10861
10872
10878
10882
10886
10888
10902
10905
10906
10914
10918
10947
10958
10959
10969
10977
10984
10991
10997
11005
11021
11029
11070
11088
11095
11101
11119
11127
11139
11140
11145
11147
11148
11157
11162
11177
11178
11180
11189
11198
11201
11204
11254
11276
11288
11302
11313
11324
11332
11364
11372
11381
11383
11407
11413
11427
11429
11435
11456
11467
11474
11481
11502
11522
11525
11526
11535
11543
11544
11547
11551
11553
11562
11565
11569
11589
11596
11609
11631
11635
11638
11642
11649
11654
11679
11690
11693
11724
11745
11748
11766
11771
11777
11786
11789
11800
11806
11812
11832
11834
11835
11839
11841
11857
11864
11870
11876
11901
11904
11921
11928
11943
11969
11972
11978
11981
11990
11992
12007
12019
12020
12022
12036
12039
12087
12089
12091
12104
12106
12162
12163
12165
12166
12168
12174
12193
12194
12197
12199
12200
12204
12212
12215
12226
12229
12232
12236
12242
12252
12263
12268
12274
12275
12286
12289
12313
12317
12323
12327
12332
12333
12340
12348
12357
12385
12387
12434
12435
12445
12447
12454
12455
12461
12503
12512
12531
12532
12548
12557
12561
12586
12599
12621
12628
12631
12632
12639
12659
12696
12714
12720
12733
12734
12744
12751
12794
12800
12802
12823
12836
12847
12861
12865
12875
12885
12893
12906
12909
12935
12943
12953
12966
12972
12977
12980
12987
13025
13026
13027
13030
13047
13048
13059
13065
13066
13083
13084
13085
13087
13090
13093
13096
13101
13103
13109
13115
13123
13138
13149
13158
13160
13164
13168
13169
13173
13185
13192
13207
13228
13247
13250
13254
13259
13274
13287
13318
13330
13333
13342
13347
13348
13349
13350
13353
13358
13365
13375
13376
13382
13385
13394
13400
13403
13409
13452
13460
13464
13473
13509
13544
13547
13552
13555
13562
13566
13582
13583
13585
13613
13634
13645
13658
13693
13697
13700
13705
13723
13748
13755
13759
13763
13766
13777
13780
13782
13793
13795
13799
13807
13817
13827
13828
13839
13846
13848
13863
13885
13903
13923
13941
13947
13948
13950
13962
13967
13969
13982
13992
13993
14019
14024
14034
14036
14041
14043
14045
14057
14066
14068
14070
14073
14084
14086
14119
14120
14133
14144
14147
14159
14161
14176
14180
14190
14194
14208
14211
14215
14220
14230
14258
14266
14269
14271
14279
14281
14282
14313
14316
14338
14348
14356
14360
14366
14370
14372
14387
14390
14430
14446
14459
14472
14478
14483
14491
14494
14497
14504
14509
14518
14531
14545
14549
14558
14571
14581
14590
14593
14595
14625
14654
14658
14659
14664
14669
14675
14685
14698
14701
14702
14704
14723
14730
14740
14741
14755
14765
14771
14781
14788
14795
14807
14817
14837
14839
14851
14869
14878
14895
14907
14910
14915
14919
14925
14931
14947
14967
14999
15011
15020
15021
15024
15030
15033
15039
15042
15047
15054
15067
15080
15082
15090
15097
15115
15121
15123
15133
15152
15158
15168
15169
15175
15176
15184
15200
15201
15203
15213
15233
15240
15243
15248
15252
15254
15265
15293
15298
15303
15336
15344
15361
15374
15381
15382
15392
15394
15400
15407
15413
15443
15444
15482
15524
15535
15539
15594
15609
15613
15615
15622
15648
15650
15654
15658
15661
15690
15723
15724
15725
15727
15736
15759
15764
15765
15768
15771
15773
15775
15789
15790
15796
15814
15830
15836
15847
15855
15858
15871
15873
15879
15882
15893
15899
15906
15909
15928
15931
15948
15951
15956
15964
15965
15970
15984
15987
15991
16000
16003
16005
16019
16030
16050
16057
16072
16075
16082
16089
16108
16114
16132
16146
16160
16164
16175
16191
16211
16218
16232
16237
16249
16255
16261
16263
16274
16285
16290
16297
16303
16309
16312
16321
16348
16352
16353
16355
16363
16370
16384
16386
16392
16414
16419
16437
16455
16459
16464
16475
16476
16477
16488
16489
16496
16506
16545
16547
16563
16570
16578
16605
16630
16642
16660
16661
16673
16687
16700
16713
16715
16716
16720
16730
16732
16737
16758
16787
16788
16793
16795
16796
16799
16815
16839
16841
16847
16851
16857
16858
16865
16866
16897
16902
16909
16910
16922
16924
16939
16951
16961
16962
16972
17003
17007
17010
17018
17020
17028
17044
17046
17058
17063
17085
17102
17122
17142
17159
17164
17178
17195
17226
17229
17232
17258
17263
17288
17289
17292
17323
17332
17346
17351
17377
17378
17383
17385
17407
17413
17417
17422
17430
17446
17447
17457
17463
17467
17469
17479
17503
17516
17519
17544
17575
17590
17610
17612
17643
17663
17670
17699
17714
17717
17738
17753
17782
17796
17801
17806
17809
17818
17823
17824
17839
17842
17883
17888
17889
17909
17913
17915
17971
17975
17998
18003
18005
18009
18023
18039
18044
18072
18073
18085
18091
18093
18101
18137
18145
18147
18155
18182
18191
18197
18210
18215
18236
18249
18298
18307
18316
18318
18326
18338
18341
18348
18355
18372
18375
18379
18388
18412
18423
18442
18444
18452
18488
18490
18511
18515
18524
18532
18541
18543
18552
18581
18606
18612
18621
18622
18640
18652
18664
18686
18692
18694
18697
18708
18716
18751
18758
18765
18767
18768
18771
18782
18843
18844
18859
18863
18881
18895
18901
18904
18926
18930
18958
18980
18996
18998
19003
19004
19027
19029
19041
19056
19063
19100
19111
19112
19114
19138
19168
19192
19199
19201
19205
19221
19231
19251
19263
19267
19286
19301
19305
19311
19326
19339
19348
19383
19414
19436
19443
19444
19448
19451
19457
19460
19470
19472
19483
19486
19493
19494
19496
19508
19525
19526
19545
19548
19555
19558
19566
19574
19584
19598
19610
19619
19624
19629
19646
19656
19661
19663
19676
19688
19719
19720
19728
19736
19741
19744
19780
19791
19794
19797
19800
19815
19828
19844
19849
19851
19859
19866
19883
19894
19906
19907
19918
19921
19925
19929
19950
19951
19954
19972
19991
19993
19998
20011
20017
20018
20023
20032
20033
20042
20045
20051
20058
20061
20064
20094
20096
20112
20131
20140
20155
20162
20165
20177
20193
20201
20207
20210
20213
20222
20250
20255
20274
20290
20291
20295
20298
20318
20334
20339
20353
20357
20359
20374
20415
20429
20478
20495
20497
20514
20542
20545
20562
20567
20581
20591
20612
20618
20629
20633
20637
20650
20656
20657
20669
20697
20710
20715
20717
20737
20752
20784
20788
20789
20792
20794
20809
20817
20821
20831
20877
20882
20896
20901
20911
20915
20917
20934
20944
20967
20973
20976
20982
21008
21017
21027
21040
21042
21060
21062
21070
21075
21089
21101
21113
21116
21133
21139
21157
21159
21183
21201
21203
21212
21224
21240
21253
21259
21274
21286
21301
21310
21312
21318
21339
21343
21345
21347
21367
21387
21390
21403
21414
21417
21424
21427
21443
21446
21452
21453
21478
21498
21503
21524
21547
21555
21556
21566
21573
21578
21601
21614
21626
21630
21644
21646
21661
21667
21687
21713
21731
21732
21739
21749
21759
21760
21782
21784
21787
21799
21802
21803
21810
21811
21833
21842
21863
21864
21884
21890
21892
21917
21931
21933
21954
21962
21963
21968
21986
21995
21997
22000
22018
22024
22034
22037
22045
22058
22066
22084
22095
22106
22116
22126
22138
22165
22167
22168
22172
22180
22193
22198
22200
22220
22226
22243
22248
22273
22283
22305
22322
22324
22363
22378
22401
22410
22417
22429
22449
22452
22481
22482
22493
22495
22496
22513
22516
22517
22520
22557
22569
22588
22596
22628
22629
22638
22639
22675
22687
22717
22719
22722
22727
22745
22747
22763
22765
22766
22770
22779
22780
22788
22805
22828
22833
22849
22855
22857
22860
22872
22880
22892
22894
22895
22902
22906
22930
22933
22936
22946
22948
22959
22978
22984
22995
23001
23006
23008
23012
23023
23025
23039
23050
23055
23082
23089
23092
23093
23135
23140
23142
23181
23186
23187
23192
23198
23201
23207
23208
23213
23215
23229
23236
23263
23269
23271
23275
23276
23287
23290
23294
23299
23310
23315
23339
23344
23363
23372
23382
23405
23410
23429
23440
23447
23459
23460
23462
23483
23488
23516
23520
23530
23540
23543
23545
23548
23550
23551
23573
23574
23580
23600
23627
23637
23651
23667
23677
23708
23710
23733
23735
23742
23743
23746
23747
23758
23759
23788
23800
23806
23823
23824
23831
23834
23867
23877
23895
23897
23901
23904
23909
23913
23925
23930
23945
23946
23953
23956
23958
24013
24035
24053
24055
24073
24099
24106
24123
24140
24141
24144
24145
24146
24149
24160
24166
24180
24214
24215
24217
24229
24238
24246
24249
24254
24257
24262
24282
24291
24299
24317
24318
24324
24347
24351
24353
24363
24371
24372
24378
24388
24390
24396
24399
24409
24422
24426
24428
24441
24452
24456
24463
24486
24487
24490
24500
24512
24514
24522
24532
24558
24566
24569
24572
24581
24583
24585
24597
24601
24615
24634
24643
24651
24668
24684
24687
24690
24693
24704
24711
24758
24768
24772
24781
24783
24785
24816
24820
24834
24855
24872
24873
24877
24887
24910
24912
24922
24932
24950
24954
24957
24976
25004
25006
25008
25025
25036
25043
25051
25073
25097
25102
25112
25122
25126
25128
25129
25138
25143
25148
25152
25189
25190
25199
25203
25204
25205
25210
25216
25220
25224
25225
25242
25248
25253
25258
25263
25273
25275
25285
25289
25294
25311
25320
25329
25355
25373
25379
25381
25423
25429
25433
25436
25450
25451
25452
25453
25454
25465
25474
25475
25480
25494
25508
25516
25521
25526
25537
25555
25567
25580
25599
25606
25609
25610
25617
25619
25627
25631
25634
25668
25675
25678
25679
25687
25690
25705
25716
25735
25740
25743
25749
25751
25769
25779
25791
25812
25816
25821
25836
25859
25864
25869
25887
25888
25893
25899
25900
25903
25907
25910
25911
25926
25929
25940
25953
25969
25986
25992
25996
26022
26039
26047
26056
26073
26074
26075
26090
26091
26099
26113
26115
26117
26128
26139
26148
26149
26168
26171
26183
26213
26216
26233
26234
26235
26250
26275
26292
26303
26311
26314
26316
26320
26322
26329
26346
26350
26374
26383
26389
26394
26402
26405
26416
26420
26424
26433
26440
26450
26461
26463
26471
26472
26475
26488
26503
26510
26512
26524
26529
26557
26565
26569
26581
26601
26612
26619
26659
26662
26668
26673
26678
26680
26685
26686
26689
26698
26705
26712
26720
26725
26728
26732
26743
26744
26756
26762
26781
26812
26834
26837
26852
26868
26881
26884
26902
26904
26908
26911
26930
26947
26952
26969
26979
26986
26995
27002
27029
27066
27078
27087
27095
27118
27126
27138
27140
27165
27167
27168
27172
27178
27183
27186
27188
27195
27213
27221
27223
27225
27252
27284
27294
27299
27308
27338
27346
27361
27366
27369
27374
27379
27388
27407
27414
27419
27422
27433
27440
27454
27476
27504
27508
27525
27529
27542
27558
27565
27573
27580
27593
27613
27617
27631
27635
27641
27645
27648
27659
27663
27664
27678
27690
27700
27712
27728
27735
27736
27749
27753
27769
27779
27788
27791
27800
27802
27809
27816
27840
27841
27844
27849
27855
27863
27877
27884
27901
27905
27908
27909
27913
27915
27923
27930
27932
27933
27954
27985
27997
28004
28013
28035
28046
28049
28059
28067
28072
28074
28077
28084
28104
28111
28142
28143
28186
28190
28191
28196
28204
28208
28224
28225
28253
28254
28277
28300
28302
28304
28316
28319
28326
28329
28336
28344
28358
28366
28382
28396
28399
28407
28420
28425
28429
28439
28448
28460
28469
28494
28498
28502
28535
28539
28541
28554
28568
28596
28609
28611
28615
28623
28625
28649
28698
28709
28714
28721
28736
28739
28740
28744
28754
28766
28793
28807
28814
28819
28839
28849
28865
28872
28878
28893
28895
28910
28914
28925
28935
28951
28962
28963
28977
28983
29003
29006
29009
29010
29031
29032
29054
29061
29068
29069
29070
29073
29085
29089
29105
29109
29118
29119
29128
29139
29143
29165
29166
29184
29226
29234
29242
29279
29290
29291
29301
29302
29317
29318
29334
29338
29345
29355
29374
29376
29383
29389
29391
29402
29430
29439
29449
29456
29462
29463
29464
29467
29480
29483
29487
29489
29493
29496
29500
29501
29502
29504
29519
29525
29545
29552
29569
29574
29608
29617
29618
29627
29649
29650
29657
29659
29679
29682
29694
29696
29714
29729
29748
29752
29754
29765
29770
29798
29804
29814
29832
29839
29854
29859
29880
29888
29896
29899
29911
29933
29966
29987
29990
29996
30008
30020
30023
30042
30051
30071
30073
30077
30078
30086
30102
30106
30122
30126
30136
30137
30179
30192
30195
30205
30211
30218
30221
30222
30234
30239
30249
30258
30260
30289
30312
30317
30327
30339
30341
30345
30356
30357
30360
30377
30396
30410
30421
30424
30427
30436
30447
30452
30465
30475
30489
30493
30499
30529
30538
30555
30558
30569
30580
30587
30588
30591
30599
30604
30608
30612
30637
30639
30642
30694
30695
30699
30700
30703
30707
30711
30730
30739
30745
30759
30765
30787
30789
30805
30820
30822
30825
30831
30838
30846
30848
30872
30874
30878
30879
30883
30892
30901
30904
30916
30936
30957
30963
30971
30990
31002
31006
31007
31013
31016
31022
31027
31036
31037
31059
31100
31103
31106
31109
31113
31117
31121
31157
31169
31173
31219
31225
31244
31249
31260
31262
31265
31279
31291
31300
31302
31305
31306
31312
31317
31327
31329
31345
31366
31386
31393
31394
31430
31445
31454
31461
31466
31468
31469
31479
31500
31505
31519
31522
31523
31535
31566
31568
31581
31598
31604
31653
31685
31688
31694
31701
31704
31728
31731
31732
31749
31774
31776
31783
31785
31799
31807
31831
31837
31843
31857
31873
31876
31887
31901
31902
31924
31932
31943
31947
31955
31967
31977
31978
31983
31993
32003
32019
32025
32042
32045
32052
32060
32079
32089
32092
32093
32100
32109
32131
32132
32149
32156
32172
32181
32183
32201
32225
32230
32256
32267
32269
32276
32303
32308
32312
32314
32319
32323
32325
32326
32340
32351
32381
32384
32386
32391
32398
32399
32417
32419
32422
32426
32427
32443
32451
32457
32470
32500
32514
32524
32532
32573
32586
32588
32603
32608
32630
32638
32642
32643
32644
32668
32672
32674
32675
32683
32700
32716
32721
32742
32748
32751
32753
32763
32783
32795
32826
32829
32835
32838
32843
32846
32853
32856
32875
32890
32891
32898
32900
32910
32920
32942
32963
32966
32970
32977
32982
33018
33022
33032
33042
33044
33049
33051
33056
33059
33060
33072
33085
33096
33098
33108
33116
33117
33127
33129
33136
33139
33149
33156
33166
33171
33183
33186
33199
33212
33223
33233
33239
33240
33241
33258
33279
33300
33315
33330
33345
33367
33386
33389
33408
33420
33424
33456
33470
33483
33494
33513
33575
33580
33583
33612
33613
33616
33622
33628
33629
33644
33649
33653
33663
33692
33696
33702
33721
33729
33735
33737
33767
33773
33778
33794
33795
33801
33821
33822
33839
33862
33866
33867
33884
33887
33892
33893
33906
33925
33928
33936
33942
33943
33946
33951
33952
33969
33979
33986
34003
34005
34025
34033
34044
34050
34051
34059
34076
34077
34080
34102
34105
34109
34116
34121
34151
34156
34170
34173
34200
34209
34255
34273
34276
34280
34289
34304
34305
34333
34342
34353
34358
34363
34366
34376
34377
34380
34390
34391
34395
34400
34404
34406
34413
34425
34440
34442
34466
34467
34517
34526
34530
34543
34546
34552
34558
34562
34563
34564
34600
34604
34605
34612
34619
34633
34654
34666
34668
34672
34678
34679
34680
34699
34709
34725
34726
34738
34748
34752
34753
34775
34779
34782
34791
34801
34814
34865
34867
34870
34877
34887
34900
34902
34909
34911
34916
34925
34927
34934
34937
34943
34952
34957
34961
34983
34993
34995
35016
35024
35029
35041
35065
35089
35102
35111
35124
35134
35138
35140
35144
35145
35153
35166
35167
35184
35196
35203
35245
35260
35271
35280
35296
35303
35331
35332
35334
35337
35346
35351
35359
35365
35376
35384
35421
35432
35443
35456
35463
35466
35480
35500
35509
35516
35522
35524
35530
35531
35544
35562
35566
35567
35568
35578
35592
35610
35612
35619
35622
35626
35627
35633
35643
35649
35656
35671
35686
35688
35700
35710
35722
35731
35736
35744
35749
35763
35769
35770
35784
35799
35819
35820
35828
35848
35864
35867
35881
35887
35899
35911
35912
35915
35925
35929
35943
35949
35950
35952
35962
35968
36003
36007
36013
36020
36024
36033
36036
36088
36090
36092
36125
36139
36152
36160
36176
36191
36195
36197
36239
36253
36269
36271
36272
36274
36276
36287
36298
36310
36323
36337
36354
36359
36364
36390
36403
36419
36442
36464
36470
36472
36474
36479
36502
36505
36514
36515
36517
36521
36539
36540
36580
36591
36594
36595
36604
36615
36621
36626
36629
36634
36635
36649
36657
36666
36669
36675
36676
36686
36692
36719
36729
36730
36757
36775
36789
36790
36819
36829
36843
36846
36858
36864
36886
36909
36910
36930
36950
36951
36964
36971
36975
36996
37008
37010
37023
37034
37038
37045
37050
37053
37058
37070
37073
37080
37084
37086
37092
37095
37110
37138
37143
37144
37146
37161
37168
37169
37171
37184
37189
37229
37282
37289
37301
37304
37305
37314
37319
37322
37332
37362
37381
37387
37388
37393
37399
37401
37418
37419
37427
37435
37456
37464
37478
37481
37482
37483
37490
37496
37498
37501
37502
37511
37515
37518
37521
37542
37549
37556
37559
37575
37578
37586
37590
37617
37625
37641
37652
37655
37656
37684
37687
37702
37706
37719
37720
37757
37780
37792
37797
37799
37827
37844
37850
37854
37855
37872
37889
37898
37904
37922
37929
37932
37944
37954
37956
37967
37968
37980
37985
37987
37996
38007
38008
38015
38040
38076
38077
38094
38100
38101
38112
38161
38168
38175
38212
38214
38251
38256
38259
38262
38276
38292
38293
38312
38326
38329
38330
38332
38350
38376
38384
38391
38402
38425
38429
38431
38441
38460
38468
38476
38491
38502
38506
38509
38510
38528
38530
38531
38547
38558
38581
38594
38607
38619
38624
38625
38631
38632
38645
38647
38653
38667
38685
38692
38700
38713
38726
38732
38733
38741
38744
38757
38766
38776
38781
38784
38791
38808
38813
38814
38818
38821
38822
38837
38841
38851
38852
38858
38866
38878
38888
38912
38955
38962
38979
38984
38990
38993
39005
39015
39019
39042
39051
39053
39056
39067
39074
39085
39090
39092
39098
39105
39116
39118
39158
39162
39163
39187
39189
39196
39198
39223
39240
39242
39259
39268
39272
39276
39288
39304
39306
39312
39313
39315
39335
39337
39339
39344
39358
39364
39368
39371
39375
39384
39396
39398
39408
39422
39424
39434
39437
39443
39453
39457
39469
39491
39509
39510
39515
39525
39536
39541
39552
39557
39558
39565
39567
39573
39578
39597
39611
39627
39633
39642
39657
39659
39680
39684
39693
39703
39716
39718
39745
39753
39760
39765
39766
39767
39773
39780
39790
39798
39807
39808
39821
39829
39835
39836
39839
39852
39858
39869
39891
39896
39897
39899
39903
39923
39926
39953
39960
39964
39966
40002
40014
40018
40024
40026
40042
40055
40058
40061
40065
40066
40073
40079
40081
40082
40088
40089
40093
40097
40106
40146
40162
40165
40174
40176
40184
40198
40212
40221
40242
40245
40250
40251
40254
40262
40274
40276
40281
40291
40293
40298
40340
40342
40343
40346
40351
40352
40368
40371
40383
40392
40394
40429
40431
40432
40434
40437
40445
40449
40452
40456
40464
40466
40481
40485
40503
40537
40540
40557
40560
40561
40563
40568
40572
40584
40595
40603
40613
40627
40635
40637
40642
40671
40677
40689
40705
40706
40736
40739
40741
40744
40747
40755
40765
40769
40788
40789
40799
40802
40823
40831
40843
40850
40857
40864
40875
40879
40883
40884
40890
40898
40904
40908
40915
40916
40919
40924
40931
40933
40946
40961
40965
40990
40995
40997
41003
41006
41017
41036
41044
41050
41055
41056
41060
41064
41083
41087
41095
41139
41146
41152
41163
41165
41179
41184
41190
41214
41215
41219
41224
41237
41241
41249
41258
41259
41261
41276
41279
41303
41319
41325
41327
41336
41340
41347
41368
41382
41387
41415
41437
41455
41458
41461
41465
41466
41473
41485
41505
41515
41524
41527
41531
41572
41586
41594
41599
41602
41604
41605
41615
41623
41627
41635
41650
41665
41666
41683
41687
41706
41727
41733
41744
41751
41754
41772
41792
41804
41808
41813
41818
41828
41829
41835
41844
41846
41847
41852
41854
41892
41915
41923
41942
41949
41976
41989
41999
42006
42026
42059
42072
42075
42090
42095
42118
42131
42150
42156
42164
42168
42177
42189
42190
42199
42215
42229
42235
42238
42241
42246
42252
42266
42269
42289
42302
42303
42326
42332
42345
42362
42419
42430
42432
42435
42442
42450
42457
42475
42482
42489
42500
42507
42509
42511
42541
42544
42546
42571
42593
42595
42646
42647
42657
42659
42664
42669
42683
42684
42687
42688
42691
42701
42703
42706
42716
42717
42749
42753
42760
42767
42779
42798
42807
42809
42813
42819
42827
42829
42837
42839
42858
42869
42872
42883
42890
42900
42904
42909
42914
42918
42928
42940
42948
42949
42958
42962
42978
42983
42997
42999
43001
43002
43004
43005
43029
43036
43038
43039
43049
43056
43059
43074
43082
43095
43109
43113
43171
43187
43188
43195
43208
43216
43219
43233
43250
43253
43255
43265
43269
43288
43292
43298
43306
43316
43319
43321
43324
43325
43339
43346
43359
43379
43383
43405
43417
43421
43427
43428
43451
43459
43477
43493
43502
43503
43521
43533
43545
43555
43558
43573
43593
43596
43605
43623
43630
43639
43694
43719
43740
43744
43756
43761
43764
43770
43775
43795
43798
43808
43822
43827
43844
43845
43855
43859
43881
43923
43931
43932
43961
43975
43998
44011
44014
44022
44034
44041
44044
44047
44056
44061
44064
44067
44068
44074
44103
44117
44121
44126
44135
44141
44191
44196
44203
44212
44213
44225
44233
44244
44250
44255
44264
44268
44308
44311
44315
44332
44333
44334
44338
44353
44365
44366
44381
44401
44441
44453
44472
44482
44489
44491
44505
44507
44535
44545
44559
44569
44583
44592
44612
44613
44653
44656
44657
44663
44667
44675
44678
44681
44705
44712
44713
44714
44750
44751
44779
44781
44785
44790
44816
44847
44861
44866
44874
44876
44879
44887
44895
44896
44913
44924
44926
44927
44932
44941
44942
44951
44954
44965
44975
44976
44977
45032
45051
45062
45077
45080
45087
45128
45142
45145
45147
45153
45167
45170
45171
45175
45177
45197
45214
45223
45311
45326
45336
45337
45344
45345
45346
45351
45363
45366
45387
45406
45410
45413
45417
45418
45423
45427
45430
45439
45443
45461
45471
45476
45477
45479
45513
45515
45517
45557
45558
45560
45577
45587
45593
45607
45633
45640
45641
45643
45645
45662
45664
45687
45706
45708
45711
45712
45713
45717
45718
45727
45744
45753
45755
45762
45781
45783
45791
45804
45807
45811
45812
45826
45827
45835
45845
45850
45853
45857
45858
45868
45878
45899
45902
45919
45925
45926
45930
45941
45948
45956
45970
45985
46011
46018
46024
46036
46037
46040
46050
46056
46083
46084
46086
46099
46119
46121
46122
46146
46147
46160
46172
46179
46183
46212
46232
46250
46253
46259
46260
46274
46275
46279
46286
46287
46292
46304
46312
46313
46314
46316
46330
46339
46345
46349
46357
46360
46361
46369
46375
46381
46382
46393
46395
46401
46407
46423
46437
46443
46479
46481
46483
46501
46503
46508
46522
46525
46528
46536
46537
46547
46552
46557
46561
46569
46584
46593
46647
46654
46659
46675
46677
46682
46684
46697
46706
46724
46727
46729
46735
46757
46763
46764
46766
46775
46779
46807
46818
46828
46838
46840
46854
46860
46861
46868
46879
46913
46915
46917
46918
46933
46937
46944
46961
46986
46997
47005
47022
47031
47033
47034
47052
47057
47075
47085
47089
47101
47106
47109
47124
47134
47138
47143
47166
47181
47190
47196
47200
47202
47213
47220
47224
47237
47243
47271
47282
47285
47332
47349
47352
47356
47359
47367
47368
47370
47383
47384
47391
47392
47422
47436
47443
47452
47459
47462
47465
47466
47472
47477
47487
47494
47497
47499
47500
47507
47519
47536
47539
47549
47574
47579
47580
47598
47606
47616
47619
47621
47631
47632
47635
47651
47683
47695
47717
47718
47724
47727
47733
47745
47755
47781
47782
47783
47789
47790
47794
47816
47844
47847
47851
47875
47903
47912
47915
47924
47943
47950
47971
47974
47989
47993
48006
48019
48034
48037
48040
48042
48043
48048
48052
48058
48059
48061
48083
48088
48115
48117
48125
48127
48129
48131
48149
48153
48166
48171
48183
48186
48192
48194
48197
48198
48202
48205
48213
48215
48220
48223
48224
48225
48235
48239
48240
48250
48257
48267
48285
48293
48294
48307
48313
48320
48328
48330
48351
48355
48356
48368
48370
48373
48385
48419
48435
48437
48457
48483
48490
48506
48544
48545
48550
48561
48596
48602
48608
48616
48620
48621
48626
48639
48642
48647
48653
48656
48670
48673
48681
48699
48714
48744
48748
48755
48765
48774
48784
48786
48789
48809
48811
48816
48818
48820
48833
48842
48846
48850
48851
48852
48860
48873
48883
48901
48904
48908
48923
48938
48940
48956
48982
48986
48997
48999
49020
49023
49037
49058
49060
49063
49064
49065
49070
49090
49099
49115
49139
49141
49148
49156
49160
49161
49174
49180
49194
49209
49215
49252
49259
49291
49296
49316
49343
49350
49358
49360
49364
49376
49379
49402
49403
49411
49420
49435
49438
49446
49454
49457
49466
49470
49472
49478
49496
49500
49502
49503
49507
49529
49532
49543
49553
49565
49609
49615
49631
49641
49660
49698
49711
49715
49725
49738
49753
49756
49757
49775
49785
49787
49816
49819
49821
49827
49831
49854
49869
49871
49897
49905
49939
49946
49951
49958
49960
49962
49966
49979
49981
49985
49988
49992
49993
50002
50013
50026
50034
50035
50040
50045
50054
50058
50069
50074
50097
50108
50118
50123
50128
50136
50140
50146
50161
50170
50171
50173
50178
50181
50190
50206
50224
50244
50253
50263
50268
50298
50326
50327
50331
50346
50360
50361
50369
50370
50372
50377
50384
50396
50402
50413
50427
50428
50444
50446
50451
50456
50468
50476
50497
50502
50508
50523
50539
50550
50573
50610
50618
50623
50637
50682
50693
50701
50703
50707
50714
50722
50736
50739
50741
50764
50767
50769
50772
50779
50803
50813
50820
50857
50858
50861
50866
50884
50885
50888
50891
50896
50899
50902
50905
50912
50918
50924
50925
50928
50929
50933
50940
50949
50994
50995
50999
51001
51002
51004
51005
51012
51039
51040
51047
51054
51057
51098
51102
51121
51132
51143
51151
51164
51167
51168
51171
51184
51215
51231
51238
51248
51250
51255
51262
51286
51300
51335
51354
51364
51367
51370
51393
51400
51409
51420
51421
51466
51475
51478
51482
51495
51497
51503
51504
51509
51511
51515
51526
51540
51548
51549
51577
51591
51594
51609
51619
51621
51639
51644
51650
51651
51661
51677
51682
51694
51722
51726
51743
51744
51772
51779
51785
51786
51787
51802
51804
51841
51847
51854
51879
51886
51901
51902
51907
51934
51939
51970
51973
51988
51989
52005
52041
52044
52046
52051
52052
52072
52087
52134
52182
52184
52190
52198
52200
52203
52210
52216
52219
52239
52242
52245
52262
52266
52269
52270
52274
52275
52290
52306
52345
52348
52362
52386
52389
52408
52426
52435
52442
52469
52486
52507
52524
52531
52533
52536
52542
52544
52547
52562
52600
52607
52608
52623
52647
52674
52684
52685
52703
52706
52708
52709
52713
52724
52731
52746
52777
52795
52796
52826
52832
52841
52845
52851
52858
52876
52879
52881
52894
52911
52912
52915
52934
52938
52946
52954
52959
52960
52975
52991
53007
53016
53019
53023
53026
53034
53037
53069
53075
53076
53084
53089
53090
53091
53095
53112
53125
53126
53147
53155
53161
53179
53194
53210
53215
53222
53258
53267
53285
53303
53310
53316
53328
53333
53347
53358
53359
53362
53408
53429
53436
53442
53445
53452
53454
53459
53478
53488
53490
53501
53506
53513
53541
53563
53568
53574
53593
53596
53608
53611
53612
53632
53633
53640
53650
53704
53721
53725
53731
53735
53746
53753
53764
53800
53814
53820
53825
53830
53840
53842
53859
53866
53879
53895
53896
53912
53916
53920
53923
53926
53960
53977
53993
54001
54003
54013
54014
54025
54029
54032
54034
54035
54038
54039
54075
54088
54130
54133
54162
54182
54189
54201
54203
54214
54216
54220
54252
54255
54257
54262
54264
54281
54284
54293
54317
54318
54324
54356
54357
54369
54391
54395
54402
54421
54423
54437
54438
54439
54440
54443
54445
54447
54450
54453
54473
54520
54528
54531
54535
54541
54552
54584
54592
54596
54598
54616
54626
54643
54651
54660
54661
54675
54686
54691
54697
54700
54713
54734
54748
54765
54778
54793
54806
54836
54847
54852
54855
54861
54874
54879
54885
54896
54909
54913
54916
54928
54940
54949
54977
54978
55008
55014
55038
55042
55051
55063
55084
55126
55138
55156
55170
55188
55241
55243
55270
55274
55278
55283
55299
55300
55302
55320
55332
55337
55341
55370
55373
55398
55421
55427
55429
55430
55432
55433
55472
55484
55496
55502
55526
55527
55535
55540
55546
55554
55564
55569
55571
55588
55589
55591
55593
55621
55622
55625
55633
55651
55660
55676
55678
55695
55710
55727
55747
55749
55751
55752
55780
55797
55809
55813
55842
55859
55860
55867
55896
55898
55919
55925
55931
55942
55945
55947
55953
55956
55962
55963
55966
55984
55986
55998
56016
56019
56038
56046
56052
56058
56065
56074
56103
56109
56112
56116
56122
56155
56164
56184
56186
56196
56206
56230
56235
56237
56284
56296
56307
56311
56318
56324
56333
56347
56355
56375
56377
56395
56397
56411
56431
56446
56455
56459
56481
56500
56506
56515
56519
56527
56541
56543
56546
56578
56585
56613
56619
56629
56638
56645
56646
56669
56675
56689
56691
56701
56709
56715
56719
56733
56750
56752
56760
56774
56775
56788
56801
56835
56848
56850
56853
56856
56865
56885
56899
56908
56909
56921
56923
56928
56938
56942
56944
56945
56995
57001
57014
57023
57030
57032
57036
57058
57063
57067
57084
57096
57117
57121
57132
57160
57174
57185
57188
57191
57192
57197
57201
57240
57256
57262
57265
57272
57280
57284
57294
57303
57304
57307
57308
57320
57324
57330
57333
57335
57353
57358
57361
57388
57398
57400
57417
57440
57483
57490
57491
57492
57493
57501
57504
57535
57540
57543
57551
57558
57565
57582
57594
57601
57609
57613
57631
57638
57650
57669
57673
57681
57691
57703
57705
57712
57715
57726
57731
57755
57759
57763
57775
57779
57790
57799
57800
57805
57807
57826
57840
57863
57869
57876
57897
57902
57907
57914
57932
57939
57943
57983
57988
57993
57996
58034
58047
58087
58092
58094
58102
58105
58115
58121
58157
58161
58164
58165
58189
58205
58210
58244
58251
58262
58268
58274
58295
58304
58307
58330
58332
58340
58346
58353
58370
58376
58384
58385
58391
58393
58402
58411
58423
58441
58443
58448
58451
58462
58467
58476
58477
58504
58505
58525
58529
58534
58541
58562
58570
58575
58584
58598
58600
58607
58633
58639
58666
58673
58676
58704
58718
58744
58762
58784
58785
58789
58820
58850
58852
58858
58862
58864
58865
58884
58888
58894
58896
58923
58932
58943
58952
58964
58972
58974
58978
58987
59015
59016
59025
59053
59056
59079
59083
59096
59103
59105
59109
59112
59122
59134
59144
59160
59199
59206
59207
59213
59225
59236
59251
59255
59260
59263
59268
59270
59287
59298
59307
59310
59335
59342
59388
59428
59431
59439
59451
59482
59486
59500
59502
59505
59527
59540
59548
59559
59568
59577
59578
59581
59598
59601
59604
59607
59610
59611
59616
59659
59662
59666
59667
59676
59680
59687
59689
59690
59693
59697
59701
59702
59709
59725
59729
59745
59760
59765
59787
59808
59812
59824
59825
59844
59884
59894
59906
59947
59956
59983
59988
60006
60007
60014
60025
60029
60041
60047
60057
60058
60069
60070
60083
60093
60095
60109
60114
60118
60142
60148
60188
60209
60219
60228
60236
60245
60251
60252
60282
60288
60291
60298
60301
60316
60322
60330
60360
60361
60371
60378
60382
60384
60398
60409
60411
60412
60422
60445
60464
60485
60492
60498
60499
60503
60512
60515
60517
60524
60530
60536
60557
60564
60585
60596
60598
60612
60617
60643
60644
60652
60656
60676
60681
60696
60702
60708
60722
60723
60728
60735
60740
60742
60765
60766
60770
60771
60775
60801
60804
60836
60857
60869
60887
60928
60939
60942
60958
60959
60982
61012
61013
61022
61035
61039
61042
61075
61087
61088
61097
61108
61118
61141
61143
61166
61168
61192
61204
61206
61213
61250
61284
61287
61290
61303
61307
61310
61322
61326
61336
61339
61346
61379
61385
61393
61408
61425
61428
61429
61433
61466
61484
61489
61500
61511
61516
61524
61529
61531
61538
61539
61541
61559
61564
61573
61595
61644
61645
61647
61653
61676
61678
61695
61698
61720
61728
61731
61751
61778
61802
61815
61818
61842
61849
61850
61853
61857
61876
61883
61885
61889
61909
61911
61954
61957
61963
61986
61989
61999
62005
62011
62018
62020
62022
62035
62037
62042
62058
62084
62089
62090
62105
62106
62126
62151
62160
62163
62203
62207
62208
62228
62231
62250
62260
62270
62276
62278
62279
62281
62287
62354
62374
62378
62386
62395
62410
62419
62428
62431
62440
62450
62453
62470
62471
62481
62487
62496
62526
62541
62542
62549
62554
62569
62573
62574
62575
62582
62591
62592
62602
62616
62626
62635
62639
62644
62664
62679
62680
62681
62701
62729
62734
62743
62777
62781
62784
62786
62794
62795
62796
62813
62831
62843
62851
62867
62869
62877
62883
62885
62891
62894
62896
62904
62906
62908
62911
62915
62925
62928
62943
62950
62971
62978
62982
62991
62995
63009
63010
63019
63020
63034
63036
63042
63069
63073
63075
63077
63084
63087
63109
63113
63129
63135
63151
63159
63171
63177
63188
63204
63206
63240
63261
63272
63279
63290
63293
63294
63302
63304
63314
63316
63320
63352
63364
63372
63375
63390
63397
63405
63411
63437
63438
63442
63447
63455
63464
63503
63509
63512
63520
63528
63538
63540
63546
63557
63585
63638
63652
63657
63664
63668
63683
63696
63701
63711
63714
63719
63746
63747
63764
63784
63794
63795
63797
63798
63800
63804
63807
63817
63838
63863
63868
63875
63881
63895
63918
63924
63928
63929
63931
63933
63934
63935
63949
63981
63999
64002
64021
64034
64057
64058
64093
64094
64096
64097
64103
64104
64112
64113
64117
64124
64151
64154
64156
64160
64167
64174
64189
64190
64201
64210
64211
64220
64222
64226
64237
64245
64284
64288
64308
64317
64322
64342
64349
64356
64382
64383
64401
64404
64406
64414
64428
64433
64462
64472
64479
64482
64488
64500
64504
64505
64514
64516
64541
64559
64583
64597
64606
64609
64614
64624
64633
64638
64673
64674
64675
64687
64688
64694
64708
64709
64713
64735
64747
64758
64768
64774
64782
64786
64803
64858
64864
64866
64875
64884
64885
64887
64889
64897
64915
64930
64951
64956
64967
64971
64984
64989
64995
65019
65024
65034
65038
65050
65057
65058
65067
65080
65114
65120
65126
65139
65160
65178
65180
65187
65206
65207
65208
65224
65237
65262
65263
65269
65271
65274
65280
65285
65306
65307
65311
65324
65329
65366
65367
65372
65395
65459
65467
65470
65478
65488
65489
65515
65529
65537
65549
65572
65591
65594
65605
65609
65617
65623
65636
65637
65639
65654
65660
65671
65672
65673
65679
65683
65693
65701
65708
65710
65711
65721
65725
65731
65741
65749
65761
65786
65795
65803
65817
65825
65830
65841
65842
65851
65878
65881
65889
65892
65920
65922
65924
65932
65934
65936
65959
65964
65978
65985
66001
66002
66009
66029
66031
66046
66048
66050
66062
66068
66069
66078
66079
66106
66128
66149
66167
66183
66189
66210
66212
66215
66236
66239
66244
66265
66276
66282
66284
66289
66323
66334
66342
66348
66386
66392
66394
66400
66402
66414
66415
66432
66453
66460
66472
66475
66481
66483
66500
66508
66524
66538
66549
66566
66580
66585
66611
66614
66617
66621
66628
66631
66643
66651
66663
66683
66686
66698
66702
66703
66712
66736
66746
66760
66777
66781
66784
66799
66817
66820
66837
66840
66845
66846
66852
66859
66866
66867
66869
66878
66887
66900
66913
66914
66916
66921
66931
66933
66947
66958
66974
66982
66994
67004
67019
67021
67024
67028
67038
67051
67052
67054
67061
67066
67085
67093
67098
67143
67152
67153
67157
67179
67188
67210
67214
67219
67226
67253
67257
67268
67283
67285
67293
67306
67308
67314
67320
67326
67347
67354
67362
67374
67381
67397
67414
67419
67424
67432
67440
67445
67456
67460
67486
67500
67546
67551
67563
67568
67582
67586
67588
67590
67609
67624
67625
67632
67636
67683
67696
67698
67707
67717
67722
67723
67750
67784
67798
67799
67800
67810
67816
67831
67837
67847
67855
67862
67887
67914
67918
67928
67936
67939
67960
67974
67998
68012
68015
68019
68030
68031
68036
68044
68045
68056
68078
68081
68089
68118
68136
68146
68154
68171
68176
68177
68186
68187
68199
68207
68222
68223
68227
68235
68238
68242
68244
68250
68260
68281
68285
68286
68295
68308
68323
68340
68346
68369
68372
68373
68375
68376
68377
68389
68399
68401
68407
68409
68411
68419
68422
68441
68444
68454
68463
68466
68471
68474
68478
68496
68504
68516
68520
68531
68540
68544
68548
68549
68554
68558
68564
68578
68579
68636
68653
68670
68680
68683
68700
68704
68705
68707
68723
68744
68752
68759
68770
68772
68774
68781
68786
68804
68812
68816
68832
68882
68893
68899
68904
68917
68928
68930
68939
68944
68946
68953
68976
68977
69006
69028
69052
69054
69064
69065
69074
69078
69079
69084
69086
69100
69105
69106
69115
69126
69129
69141
69146
69147
69148
69149
69151
69163
69164
69173
69182
69190
69193
69201
69211
69213
69239
69240
69242
69252
69292
69298
69310
69324
69372
69389
69391
69397
69414
69416
69425
69430
69438
69447
69479
69492
69505
69514
69515
69540
69543
69550
69557
69561
69562
69580
69588
69601
69612
69625
69647
69656
69680
69687
69710
69714
69722
69732
69736
69737
69758
69763
69780
69783
69794
69796
69797
69806
69811
69819
69838
69852
69876
69894
69897
69915
69930
69943
69969
69988
69991
70005
70006
70016
70030
70036
70043
70061
70062
70068
70069
70082
70103
70111
70123
70145
70185
70200
70206
70216
70224
70225
70254
70290
70291
70318
70327
70335
70357
70369
70374
70379
70389
70396
70402
70406
70409
70429
70433
70458
70461
70470
70477
70503
70509
70524
70528
70542
70560
70561
70568
70586
70590
70598
70602
70621
70637
70640
70647
70654
70673
70677
70679
70682
70690
70711
70723
70726
70735
70738
70746
70755
70782
70783
70785
70806
70810
70816
70822
70833
70839
70857
70862
70870
70873
70877
70879
70882
70891
70896
70900
70901
70908
70909
70916
70935
70948
70967
70989
70993
71015
71024
71038
71058
71073
71075
71076
71078
71080
71087
71095
71143
71146
71148
71158
71159
71161
71168
71172
71193
71200
71217
71221
71232
71245
71253
71257
71272
71287
71304
71320
71324
71341
71378
71388
71393
71395
71417
71428
71435
71436
71452
71458
71461
71496
71516
71535
71544
71546
71548
71550
71555
71556
71579
71583
71612
71617
71633
71635
71643
71649
71665
71666
71674
71677
71687
71689
71697
71707
71717
71719
71739
71754
71765
71776
71779
71792
71807
71830
71833
71838
71840
71842
71859
71873
71877
71906
71911
71928
71975
71978
72004
72017
72028
72042
72049
72066
72080
72084
72103
72151
72155
72172
72180
72200
72231
72242
72264
72267
72272
72275
72276
72293
72309
72321
72349
72363
72399
72405
72425
72427
72451
72453
72456
72473
72477
72480
72497
72513
72520
72548
72556
72576
72606
72630
72636
72642
72645
72654
72677
72681
72689
72700
72703
72708
72715
72738
72750
72781
72782
72790
72797
72802
72820
72849
72854
72857
72866
72894
72947
72951
72956
72962
72975
72980
72983
72989
72999
73010
73017
73032
73043
73046
73056
73064
73071
73089
73109
73122
73142
73158
73164
73165
73187
73192
73199
73209
73210
73211
73213
73215
73224
73230
73263
73265
73273
73279
73292
73302
73308
73310
73311
73312
73315
73329
73343
73352
73360
73364
73377
73388
73391
73404
73406
73410
73427
73456
73501
73518
73522
73536
73544
73547
73550
73557
73560
73573
73582
73593
73596
73602
73614
73616
73623
73626
73637
73643
73651
73658
73662
73684
73696
73702
73711
73723
73735
73739
73750
73753
73768
73777
73782
73783
73788
73817
73820
73824
73828
73833
73853
73854
73867
73868
73886
73903
73908
73912
73917
73920
73926
73945
73974
73989
74001
74011
74024
74028
74039
74044
74058
74062
74079
74080
74095
74098
74115
74136
74148
74152
74177
74191
74196
74197
74216
74223
74236
74237
74249
74255
74263
74276
74277
74286
74287
74293
74299
74319
74328
74366
74377
74382
74403
74414
74439
74455
74457
74466
74470
74472
74488
74503
74522
74536
74556
74563
74571
74574
74579
74588
74591
74592
74605
74634
74649
74655
74657
74659
74667
74686
74698
74701
74705
74718
74732
74733
74767
74774
74776
74780
74799
74810
74812
74826
74845
74849
74852
74861
74874
74892
74893
74896
74915
74917
74923
74924
74937
74939
74950
74951
74954
74970
74971
74973
74996
74997
75028
75046
75050
75053
75064
75094
75108
75115
75122
75147
75154
75195
75208
75225
75260
75261
75277
75291
75306
75330
75370
75378
75384
75394
75398
75405
75414
75421
75423
75429
75441
75449
75474
75475
75483
75487
75523
75526
75533
75537
75539
75547
75552
75562
75563
75573
75577
75578
75581
75584
75592
75596
75645
75649
75655
75666
75682
75687
75754
75769
75771
75786
75792
75813
75858
75873
75877
75885
75905
75923
75926
75927
75933
75955
75968
75978
76032
76033
76043
76050
76062
76069
76073
76078
76080
76086
76087
76096
76104
76106
76108
76116
76126
76158
76164
76186
76191
76200
76215
76220
76221
76239
76244
76252
76265
76274
76279
76282
76295
76301
76308
76309
76322
76340
76341
76344
76355
76361
76362
76372
76377
76384
76387
76417
76427
76430
76435
76448
76453
76461
76465
76474
76476
76486
76498
76526
76539
76541
76551
76559
76566
76573
76575
76581
76582
76585
76593
76601
76605
76612
76623
76633
76641
76644
76649
76670
76682
76683
76703
76706
76708
76720
76728
76796
76823
76825
76832
76836
76842
76851
76855
76861
76869
76871
76882
76885
76886
76898
76905
76911
76939
76944
76989
76991
76997
77001
77004
77007
77011
77013
77022
77031
77035
77059
77062
77069
77073
77078
77087
77089
77090
77095
77119
77146
77176
77177
77195
77208
77218
77237
77257
77261
77264
77266
77295
77304
77306
77317
77331
77337
77344
77354
77358
77362
77367
77380
77381
77396
77397
77414
77415
77416
77441
77446
77449
77456
77502
77512
77515
77516
77530
77546
77553
77554
77556
77567
77579
77580
77583
77600
77610
77639
77640
77653
77666
77669
77672
77674
77687
77689
77690
77698
77705
77707
77712
77714
77720
77722
77727
77732
77743
77749
77766
77776
77777
77788
77792
77802
77804
77810
77817
77820
77825
77829
77837
77850
77852
77861
77862
77865
77867
77869
77887
77889
77894
77904
77916
77934
77941
77949
77952
77959
77970
77973
77990
78001
78006
78013
78033
78054
78057
78060
78076
78081
78088
78097
78101
78104
78141
78144
78146
78154
78164
78207
78211
78219
78229
78236
78239
78264
78268
78276
78278
78282
78288
78294
78313
78315
78324
78327
78340
78348
78357
78358
78366
78370
78371
78385
78387
78406
78408
78420
78437
78482
78483
78489
78501
78503
78506
78511
78514
78521
78552
78564
78572
78584
78586
78593
78595
78599
78606
78652
78653
78673
78676
78682
78692
78715
78733
78744
78746
78753
78772
78786
78787
78811
78815
78836
78837
78852
78858
78864
78866
78874
78877
78878
78882
78885
78891
78893
78896
78901
78907
78909
78910
78918
78922
78933
78953
78964
78972
78974
78975
78993
78996
79006
79010
79035
79066
79068
79098
79099
79112
79119
79120
79134
79137
79150
79156
79177
79201
79205
79208
79211
79214
79268
79305
79325
79331
79334
79339
79344
79368
79394
79409
79419
79463
79477
79507
79508
79521
79532
79536
79538
79542
79543
79560
79567
79588
79590
79591
79603
79606
79613
79622
79628
79629
79658
79659
79682
79688
79698
79706
79712
79721
79727
79729
79739
79743
79752
79759
79762
79764
79779
79780
79784
79797
79798
79799
79810
79819
79861
79873
79885
79907
79915
79917
79918
79931
79961
79972
79990
80014
80033
80052
80054
80057
80064
80077
80078
80082
80084
80085
80101
80108
80116
80126
80135
80137
80139
80141
80149
80162
80206
80219
80246
80252
80255
80258
80260
80269
80302
80310
80323
80332
80333
80338
80364
80370
80384
80397
80408
80413
80416
80443
80445
80448
80454
80455
80456
80469
80471
80473
80485
80490
80530
80540
80548
80552
80568
80580
80608
80615
80620
80632
80643
80652
80660
80670
80676
80678
80684
80688
80691
80705
80711
80726
80739
80761
80787
80824
80844
80845
80860
80867
80870
80873
80886
80888
80889
80896
80902
80923
80928
80945
80982
80983
80984
81001
81004
81005
81009
81031
81054
81066
81067
81083
81086
81092
81098
81128
81141
81164
81167
81179
81199
81218
81227
81229
81233
81240
81243
81254
81258
81262
81284
81298
81300
81316
81320
81329
81330
81342
81343
81345
81348
81360
81381
81413
81415
81419
81424
81429
81433
81459
81466
81468
81478
81481
81485
81493
81499
81508
81519
81535
81545
81546
81551
81556
81560
81564
81610
81615
81621
81630
81653
81682
81694
81701
81703
81704
81708
81717
81720
81722
81732
81739
81744
81748
81755
81760
81777
81786
81789
81821
81824
81834
81837
81846
81854
81889
81894
81902
81915
81929
81930
81931
81948
81971
81978
81984
81992
81994
82017
82028
82039
82046
82049
82051
82063
82064
82080
82087
82100
82117
82134
82139
82183
82188
82191
82193
82232
82234
82241
82251
82257
82258
82263
82264
82265
82273
82295
82314
82315
82316
82317
82322
82325
82345
82349
82362
82368
82371
82373
82375
82377
82390
82399
82402
82407
82439
82443
82477
82487
82491
82493
82503
82509
82512
82514
82535
82536
82559
82560
82563
82567
82572
82573
82588
82594
82598
82605
82634
82639
82640
82641
82644
82649
82655
82694
82702
82712
82720
82721
82729
82761
82765
82769
82778
82797
82811
82818
82819
82843
82937
82942
82943
82945
82962
82982
82993
83001
83009
83017
83019
83039
83043
83047
83073
83091
83092
83098
83113
83149
83152
83159
83185
83213
83215
83226
83232
83233
83236
83243
83247
83251
83253
83266
83278
83279
83283
83291
83292
83321
83325
83331
83337
83345
83346
83353
83358
83369
83378
83385
83387
83416
83424
83447
83471
83480
83482
83488
83492
83499
83505
83514
83515
83525
83526
83534
83536
83550
83556
83566
83572
83575
83584
83591
83593
83605
83624
83628
83635
83636
83641
83642
83643
83646
83654
83662
83670
83672
83678
83680
83765
83770
83792
83802
83806
83812
83815
83837
83840
83863
83882
83884
83902
83908
83911
83913
83914
83915
83926
83933
83940
83950
83977
83986
84014
84019
84034
84073
84080
84103
84105
84114
84118
84122
84128
84135
84138
84155
84157
84164
84172
84180
84181
84199
84200
84203
84204
84208
84214
84221
84222
84228
84251
84256
84263
84266
84280
84299
84302
84340
84345
84358
84365
84366
84381
84393
84406
84439
84441
84443
84447
84454
84467
84478
84483
84505
84512
84513
84515
84521
84528
84547
84556
84560
84579
84595
84597
84607
84610
84616
84617
84619
84630
84637
84639
84665
84666
84708
84715
84716
84743
84755
84772
84791
84792
84794
84797
84843
84852
84862
84876
84899
84900
84904
84905
84923
84929
84938
84943
84980
85003
85009
85013
85017
85021
85046
85064
85067
85090
85099
85114
85116
85121
85125
85131
85139
85144
85152
85162
85177
85190
85192
85195
85214
85247
85266
85271
85278
85305
85307
85313
85314
85318
85336
85362
85373
85383
85385
85389
85403
85404
85410
85425
85429
85432
85437
85448
85454
85455
85464
85466
85472
85484
85485
85492
85502
85511
85515
85522
85550
85564
85571
85604
85631
85639
85643
85646
85661
85662
85687
85695
85708
85718
85725
85726
85735
85738
85745
85751
85758
85762
85764
85769
85781
85783
85803
85817
85833
85834
85840
85841
85844
85856
85857
85869
85870
85884
85912
85939
85952
85955
85985
85989
86016
86034
86047
86050
86072
86101
86108
86124
86129
86151
86156
86186
86204
86206
86208
86256
86273
86276
86282
86290
86308
86311
86334
86361
86366
86385
86390
86413
86421
86450
86451
86467
86473
86477
86482
86489
86490
86511
86531
86532
86534
86539
86540
86547
86552
86576
86579
86581
86608
86610
86612
86625
86634
86657
86665
86679
86681
86692
86702
86724
86735
86740
86753
86774
86775
86829
86835
86842
86843
86852
86855
86876
86886
86898
86907
86909
86914
86915
86918
86922
86931
86942
86959
86965
86997
87005
87019
87029
87068
87085
87096
87102
87118
87125
87133
87138
87141
87145
87167
87206
87210
87217
87228
87237
87245
87249
87258
87260
87264
87295
87324
87348
87359
87378
87379
87390
87393
87410
87417
87420
87422
87437
87464
87468
87474
87486
87488
87504
87515
87522
87560
87576
87579
87588
87594
87605
87619
87626
87639
87648
87654
87656
87658
87660
87662
87680
87687
87700
87704
87717
87733
87737
87756
87766
87775
87781
87807
87817
87821
87823
87847
87852
87859
87871
87881
87884
87891
87907
87913
87915
87931
87948
87952
87976
87982
88002
88005
88006
88012
88013
88018
88032
88040
88042
88059
88076
88109
88111
88119
88153
88170
88172
88183
88191
88193
88194
88202
88216
88223
88226
88229
88235
88248
88275
88296
88302
88304
88318
88350
88370
88373
88377
88380
88386
88392
88395
88397
88417
88430
88456
88462
88466
88470
88488
88492
88501
88521
88540
88549
88560
88561
88580
88590
88591
88598
88607
88609
88611
88615
88616
88621
88638
88646
88653
88681
88702
88706
88707
88710
88713
88715
88717
88727
88732
88741
88742
88774
88794
88795
88811
88813
88824
88826
88828
88836
88857
88878
88888
88893
88894
88895
88900
88901
88904
88906
88916
88931
88947
88948
88952
88963
88977
88984
88985
89011
89015
89021
89024
89025
89034
89044
89084
89089
89112
89134
89136
89147
89164
89176
89178
89180
89183
89200
89204
89206
89207
89216
89235
89254
89263
89266
89296
89306
89308
89314
89319
89328
89338
89339
89356
89366
89374
89382
89401
89417
89452
89457
89500
89503
89513
89514
89518
89533
89536
89549
89568
89585
89588
89610
89638
89640
89653
89664
89666
89686
89709
89712
89714
89741
89761
89766
89789
89790
89823
89848
89859
89863
89867
89871
89872
89883
89888
89914
89917
89918
89925
89938
89946
89959
89961
89963
89966
89970
89986
89991
89994
90003
90020
90022
90042
90052
90054
90062
90065
90074
90078
90083
90090
90091
90103
90124
90129
90150
90153
90164
90175
90176
90178
90181
90185
90195
90207
90219
90227
90234
90237
90283
90290
90300
90302
90324
90334
90338
90339
90350
90356
90375
90396
90397
90403
90407
90432
90436
90441
90451
90462
90463
90467
90474
90476
90484
90495
90516
90520
90545
90547
90562
90607
90629
90631
90660
90680
90686
90688
90689
90690
90701
90702
90706
90712
90718
90736
90753
90758
90772
90789
90792
90799
90809
90846
90868
90872
90873
90877
90893
90894
90895
90899
90906
90915
90922
90934
90940
90943
90959
90981
90995
91004
91023
91039
91059
91062
91065
91080
91087
91092
91112
91113
91116
91121
91122
91126
91130
91136
91142
91148
91159
91161
91173
91185
91186
91203
91204
91206
91209
91210
91222
91238
91241
91276
91306
91308
91310
91311
91316
91329
91330
91341
91347
91369
91374
91396
91403
91416
91459
91469
91472
91481
91484
91501
91502
91513
91515
91517
91518
91545
91551
91558
91562
91579
91593
91601
91603
91607
91610
91612
91620
91639
91640
91694
91700
91715
91721
91731
91741
91756
91771
91784
91802
91817
91865
91866
91871
91880
91882
91883
91888
91891
91900
91906
91907
91913
91915
91939
91967
91971
91974
91978
91988
92000
92015
92019
92020
92025
92031
92040
92042
92049
92051
92052
92060
92061
92065
92092
92109
92116
92117
92135
92139
92141
92164
92172
92175
92177
92191
92192
92205
92215
92229
92260
92268
92271
92272
92290
92293
92297
92298
92306
92318
92319
92335
92337
92349
92355
92367
92371
92384
92392
92398
92416
92461
92471
92479
92480
92491
92506
92518
92521
92558
92562
92571
92584
92591
92601
92603
92616
92624
92638
92658
92665
92667
92682
92693
92707
92712
92713
92731
92732
92736
92737
92740
92742
92746
92747
92754
92755
92761
92769
92784
92803
92804
92821
92829
92846
92850
92881
92884
92899
92916
92927
92928
92938
92952
92957
92966
92974
92996
92997
93000
93026
93061
93083
93085
93092
93102
93104
93107
93131
93137
93147
93161
93176
93179
93187
93194
93205
93222
93225
93259
93265
93297
93316
93318
93321
93329
93342
93347
93353
93363
93367
93381
93386
93387
93402
93413
93417
93421
93427
93430
93437
93465
93480
93488
93503
93515
93527
93550
93560
93576
93584
93590
93593
93600
93612
93623
93629
93643
93657
93674
93703
93704
93707
93711
93716
93719
93729
93736
93743
93744
93746
93774
93783
93794
93809
93811
93818
93850
93853
93862
93871
93881
93890
93912
93913
93935
93951
93973
93992
94003
94004
94060
94065
94074
94081
94094
94113
94115
94119
94120
94133
94134
94153
94166
94176
94186
94195
94203
94222
94229
94237
94242
94253
94254
94271
94273
94282
94287
94294
94305
94310
94312
94327
94338
94339
94359
94361
94375
94378
94387
94398
94408
94409
94423
94450
94453
94457
94461
94475
94476
94481
94486
94497
94498
94507
94508
94529
94535
94538
94544
94549
94560
94567
94582
94598
94610
94616
94639
94674
94682
94689
94696
94711
94713
94720
94729
94733
94742
94752
94773
94781
94795
94823
94830
94838
94856
94858
94864
94865
94877
94902
94921
94933
94935
94964
94974
94989
94990
95010
95021
95023
95072
95085
95096
95108
95134
95143
95165
95173
95181
95189
95200
95205
95212
95215
95219
95230
95238
95243
95261
95263
95265
95268
95269
95290
95293
95294
95305
95309
95323
95330
95335
95348
95354
95384
95388
95390
95395
95404
95411
95416
95446
95453
95462
95463
95490
95500
95505
95506
95531
95541
95551
95552
95560
95575
95578
95600
95607
95634
95664
95668
95671
95686
95691
95702
95707
95711
95721
95760
95769
95775
95777
95788
95803
95805
95815
95828
95852
95859
95863
95875
95893
95906
95909
95913
95924
95925
95933
95936
95940
95951
95955
95982
95985
95987
95999
96000
96005
96017
96019
96022
96027
96070
96083
96086
96102
96107
96117
96120
96123
96133
96163
96174
96178
96179
96181
96183
96184
96191
96218
96228
96230
96232
96242
96244
96245
96251
96257
96278
96280
96282
96284
96291
96318
96327
96340
96346
96348
96349
96358
96378
96380
96391
96397
96406
96419
96427
96428
96491
96510
96522
96533
96540
96568
96609
96612
96626
96629
96634
96641
96650
96670
96673
96676
96691
96704
96708
96709
96712
96719
96734
96735
96736
96749
96750
96763
96767
96777
96784
96785
96800
96805
96807
96825
96831
96867
96868
96872
96875
96882
96887
96890
96896
96898
96906
96945
96948
96950
96955
96958
96959
96960
96963
96970
96979
96984
96994
97030
97047
97055
97062
97075
97081
97093
97104
97105
97122
97131
97142
97149
97150
97160
97170
97177
97179
97191
97204
97217
97222
97228
97242
97246
97257
97258
97260
97271
97279
97292
97309
97328
97333
97341
97345
97355
97356
97358
97378
97384
97391
97393
97401
97406
97411
97413
97421
97422
97423
97427
97428
97441
97444
97454
97463
97476
97492
97496
97504
97511
97514
97531
97547
97557
97558
97569
97576
97582
97592
97606
97607
97610
97629
97635
97637
97638
97649
97661
97662
97669
97711
97728
97749
97768
97777
97798
97800
97823
97824
97837
97843
97847
97859
97867
97873
97876
97878
97895
97914
97918
97921
97937
97939
97946
97948
97960
97963
97971
97972
97985
97989
98001
98015
98021
98030
98043
98046
98048
98056
98059
98068
98092
98095
98117
98124
98133
98139
98140
98142
98147
98150
98164
98167
98186
98199
98200
98207
98228
98246
98249
98257
98300
98350
98355
98356
98371
98372
98376
98380
98383
98391
98395
98404
98424
98430
98435
98437
98439
98445
98458
98472
98477
98512
98538
98576
98581
98592
98618
98626
98628
98638
98639
98646
98661
98670
98687
98690
98718
98728
98734
98747
98748
98772
98775
98777
98789
98794
98799
98801
98804
98813
98837
98858
98892
98911
98917
98924
98927
98936
98958
98961
98981
98992
98994
99018
99041
99045
99053
99069
99079
99089
99100
99105
99112
99121
99122
99141
99144
99162
99166
99178
99180
99184
99186
99192
99193
99210
99231
99232
99239
99259
99268
99280
99295
99306
99312
99326
99346
99349
99351
99354
99364
99367
99377
99402
99413
99422
99433
99434
99440
99447
99454
99473
99483
99484
99489
99492
99506
99512
99522
99526
99534
99535
99549
99553
99564
99589
99594
99596
99600
99617
99622
99642
99646
99676
99678
99688
99696
99697
99716
99726
99727
99728
99742
99749
99766
99768
99769
99834
99839
99862
99864
99875
99889
99894
99905
99911
99916
99935
99950
99958
99977
99980
99983
